1.000000,0.009061,0.009061,1.000000,
1.000000,0.019789,0.016625,0.019789,1.000000,0.011201,0.016625,0.011201,1.000000,
1.000000,-0.001338,0.002175,-0.005399,-0.001338,1.000000,-0.018230,0.009194,0.002175,-0.018230,1.000000,0.004004,-0.005399,0.009194,0.004004,1.000000,
1.000000,-0.004267,0.002344,0.007326,0.014127,-0.004267,1.000000,-0.000754,-0.019341,0.010261,0.002344,-0.000754,1.000000,-0.015026,0.000975,0.007326,-0.019341,-0.015026,1.000000,-0.003634,0.014127,0.010261,0.000975,-0.003634,1.000000,
1.000000,-0.004995,-0.001392,0.001981,0.014179,-0.007392,-0.004995,1.000000,0.005197,0.002607,0.004808,-0.001203,-0.001392,0.005197,1.000000,0.017012,-0.009187,-0.006805,0.001981,0.002607,0.017012,1.000000,0.003370,0.018212,0.014179,0.004808,-0.009187,0.003370,1.000000,-0.005187,-0.007392,-0.001203,-0.006805,0.018212,-0.005187,1.000000,
1.000000,0.004022,0.009706,-0.008506,0.007347,-0.002382,0.001659,0.004022,1.000000,0.007875,0.002527,-0.011672,-0.008976,0.007013,0.009706,0.007875,1.000000,-0.007933,-0.001638,-0.016187,-0.017302,-0.008506,0.002527,-0.007933,1.000000,0.006038,0.010187,0.009701,0.007347,-0.011672,-0.001638,0.006038,1.000000,-0.006593,-0.008857,-0.002382,-0.008976,-0.016187,0.010187,-0.006593,1.000000,-0.012581,0.001659,0.007013,-0.017302,0.009701,-0.008857,-0.012581,1.000000,
1.000000,0.000800,0.004400,-0.006000,0.004800,0.009800,0.003400,0.010602,0.000800,1.000000,0.009264,-0.001605,0.010828,0.007785,-0.002180,0.007726,0.004400,0.009264,1.000000,-0.003983,-0.002092,0.003849,-0.007467,-0.011958,-0.006000,-0.001605,-0.003983,1.000000,0.011208,0.010196,-0.003795,-0.005821,0.004800,0.010828,-0.002092,0.011208,1.000000,-0.008578,-0.017830,0.001909,0.009800,0.007785,0.003849,0.010196,-0.008578,1.000000,0.007216,-0.013660,0.003400,-0.002180,-0.007467,-0.003795,-0.017830,0.007216,1.000000,0.008880,0.010602,0.007726,-0.011958,-0.005821,0.001909,-0.013660,0.008880,1.000000,
1.000000,0.014548,0.010952,0.017475,-0.003051,0.005593,0.006780,0.004260,-0.007598,0.014548,1.000000,-0.018082,0.014924,-0.006885,0.006589,-0.004234,-0.019502,0.005404,0.010952,-0.018082,1.000000,0.008913,-0.009678,-0.009811,-0.009831,-0.004309,-0.003797,0.017475,0.014924,0.008913,1.000000,0.008918,-0.005785,-0.004954,0.011464,-0.003005,-0.003051,-0.006885,-0.009678,0.008918,1.000000,0.021790,-0.011033,-0.013106,-0.012597,0.005593,0.006589,-0.009811,-0.005785,0.021790,1.000000,-0.014004,-0.006588,-0.005200,0.006780,-0.004234,-0.009831,-0.004954,-0.011033,-0.014004,1.000000,0.008239,0.007201,0.004260,-0.019502,-0.004309,0.011464,-0.013106,-0.006588,0.008239,1.000000,0.000996,-0.007598,0.005404,-0.003797,-0.003005,-0.012597,-0.005200,0.007201,0.000996,1.000000,
1.000000,0.009426,0.007625,-0.001613,-0.006848,0.005507,0.021817,-0.007777,-0.002214,0.006542,0.009426,1.000000,0.002182,-0.000190,0.000636,-0.009330,-0.005612,-0.000418,0.010811,-0.003156,0.007625,0.002182,1.000000,0.010809,0.001234,0.004469,-0.003012,0.003783,0.003810,0.012243,-0.001613,-0.000190,0.010809,1.000000,-0.001618,0.025168,-0.000194,-0.008591,0.032595,0.008578,-0.006848,0.000636,0.001234,-0.001618,1.000000,0.011069,-0.015778,0.012633,-0.011820,-0.000282,0.005507,-0.009330,0.004469,0.025168,0.011069,1.000000,-0.019757,0.021868,0.006162,0.000038,0.021817,-0.005612,-0.003012,-0.000194,-0.015778,-0.019757,1.000000,-0.003611,-0.019593,0.013229,-0.007777,-0.000418,0.003783,-0.008591,0.012633,0.021868,-0.003611,1.000000,-0.006390,-0.011961,-0.002214,0.010811,0.003810,0.032595,-0.011820,0.006162,-0.019593,-0.006390,1.000000,-0.002824,0.006542,-0.003156,0.012243,0.008578,-0.000282,0.000038,0.013229,-0.011961,-0.002824,1.000000,
1.000000,-0.019269,0.010245,-0.018306,-0.005775,-0.004727,-0.003477,0.010317,-0.011484,0.006868,-0.000428,-0.019269,1.000000,0.001546,-0.004236,0.015542,0.015358,0.018443,-0.008429,0.001240,-0.010777,0.004390,0.010245,0.001546,1.000000,-0.017084,0.004662,-0.007102,-0.001502,0.001533,-0.003506,0.007254,0.003178,-0.018306,-0.004236,-0.017084,1.000000,0.013710,0.005534,-0.006135,0.004956,-0.006138,0.019436,0.012586,-0.005775,0.015542,0.004662,0.013710,1.000000,-0.003112,0.008910,0.001926,-0.010297,0.003660,-0.011226,-0.004727,0.015358,-0.007102,0.005534,-0.003112,1.000000,-0.003321,0.001746,0.005476,0.003843,0.004582,-0.003477,0.018443,-0.001502,-0.006135,0.008910,-0.003321,1.000000,0.004053,-0.010475,-0.003642,0.006818,0.010317,-0.008429,0.001533,0.004956,0.001926,0.001746,0.004053,1.000000,-0.007150,0.011629,-0.022812,-0.011484,0.001240,-0.003506,-0.006138,-0.010297,0.005476,-0.010475,-0.007150,1.000000,-0.018041,-0.012784,0.006868,-0.010777,0.007254,0.019436,0.003660,0.003843,-0.003642,0.011629,-0.018041,1.000000,-0.000390,-0.000428,0.004390,0.003178,0.012586,-0.011226,0.004582,0.006818,-0.022812,-0.012784,-0.000390,1.000000,
1.000000,0.000550,0.001802,0.009646,-0.003417,0.007269,-0.006455,0.019158,0.005857,-0.000462,0.005876,-0.006786,0.000550,1.000000,0.004271,-0.017656,-0.002406,-0.007509,0.000851,-0.001415,0.005350,-0.004622,0.004557,0.000605,0.001802,0.004271,1.000000,-0.005983,-0.000177,-0.000573,0.007597,0.002061,0.011404,0.012489,0.014978,-0.000820,0.009646,-0.017656,-0.005983,1.000000,-0.008419,-0.013716,0.020162,0.007754,0.012046,0.015734,-0.001935,-0.004185,-0.003417,-0.002406,-0.000177,-0.008419,1.000000,0.003632,-0.011984,-0.007005,0.002183,0.011393,-0.008615,0.000202,0.007269,-0.007509,-0.000573,-0.013716,0.003632,1.000000,-0.003872,-0.010523,-0.014338,-0.017689,-0.009172,0.007775,-0.006455,0.000851,0.007597,0.020162,-0.011984,-0.003872,1.000000,-0.012157,0.003547,0.001464,-0.004874,0.006986,0.019158,-0.001415,0.002061,0.007754,-0.007005,-0.010523,-0.012157,1.000000,-0.010444,0.007981,0.010763,0.005604,0.005857,0.005350,0.011404,0.012046,0.002183,-0.014338,0.003547,-0.010444,1.000000,-0.009663,-0.011726,-0.001186,-0.000462,-0.004622,0.012489,0.015734,0.011393,-0.017689,0.001464,0.007981,-0.009663,1.000000,-0.007255,0.006006,0.005876,0.004557,0.014978,-0.001935,-0.008615,-0.009172,-0.004874,0.010763,-0.011726,-0.007255,1.000000,0.016013,-0.006786,0.000605,-0.000820,-0.004185,0.000202,0.007775,0.006986,0.005604,-0.001186,0.006006,0.016013,1.000000,
1.000000,0.014215,0.011379,-0.006554,0.022486,0.011700,-0.007520,-0.008215,-0.010990,-0.000800,0.020332,0.008868,-0.009019,0.014215,1.000000,-0.008790,0.002379,-0.005439,-0.009954,0.019765,-0.009193,0.003195,-0.002600,-0.018969,-0.003431,-0.027991,0.011379,-0.008790,1.000000,-0.010369,0.001056,0.000731,-0.007346,0.013190,0.015207,-0.002200,0.015354,0.002646,-0.010813,-0.006554,0.002379,-0.010369,1.000000,0.001679,-0.005452,0.011684,-0.002379,0.005985,-0.010200,-0.005299,-0.002299,0.000828,0.022486,-0.005439,0.001056,0.001679,1.000000,-0.004332,-0.005014,-0.005362,0.002574,0.000800,-0.001017,0.007824,-0.008151,0.011700,-0.009954,0.000731,-0.005452,-0.004332,1.000000,-0.018343,0.007954,0.003233,0.005401,0.005976,0.002019,-0.000062,-0.007520,0.019765,-0.007346,0.011684,-0.005014,-0.018343,1.000000,-0.002163,0.007375,0.000800,0.001379,0.001427,0.021051,-0.008215,-0.009193,0.013190,-0.002379,-0.005362,0.007954,-0.002163,1.000000,0.002805,-0.001800,-0.001432,-0.011770,0.021991,-0.010990,0.003195,0.015207,0.005985,0.002574,0.003233,0.007375,0.002805,1.000000,-0.002600,-0.005778,-0.005422,-0.003194,-0.000800,-0.002600,-0.002200,-0.010200,0.000800,0.005401,0.000800,-0.001800,-0.002600,1.000000,-0.006400,0.010001,0.005800,0.020332,-0.018969,0.015354,-0.005299,-0.001017,0.005976,0.001379,-0.001432,-0.005778,-0.006400,1.000000,0.024953,-0.004643,0.008868,-0.003431,0.002646,-0.002299,0.007824,0.002019,0.001427,-0.011770,-0.005422,0.010001,0.024953,1.000000,0.023843,-0.009019,-0.027991,-0.010813,0.000828,-0.008151,-0.000062,0.021051,0.021991,-0.003194,0.005800,-0.004643,0.023843,1.000000,
1.000000,0.007374,-0.006431,-0.015115,-0.005557,-0.001856,0.002311,-0.002773,-0.007000,0.002976,0.001109,0.006740,-0.005987,0.004027,0.007374,1.000000,-0.000632,0.001491,0.003845,-0.000458,0.011309,0.006628,-0.000000,-0.020825,0.014908,0.018938,-0.004187,0.001028,-0.006431,-0.000632,1.000000,-0.002293,-0.014748,0.006931,0.013092,-0.003967,-0.019800,0.019371,0.001087,0.003125,-0.009184,-0.003167,-0.015115,0.001491,-0.002293,1.000000,0.005851,-0.006807,0.005912,-0.009296,0.004601,0.003484,0.015121,-0.014191,-0.007246,0.006707,-0.005557,0.003845,-0.014748,0.005851,1.000000,-0.015305,-0.010249,-0.007647,0.004200,0.009042,-0.005045,-0.016297,-0.000822,0.001554,-0.001856,-0.000458,0.006931,-0.006807,-0.015305,1.000000,-0.010002,0.002261,0.002400,-0.014055,-0.012807,0.001264,0.024231,-0.000540,0.002311,0.011309,0.013092,0.005912,-0.010249,-0.010002,1.000000,0.003697,0.005401,-0.006287,0.015281,-0.007819,0.002047,0.007697,-0.002773,0.006628,-0.003967,-0.009296,-0.007647,0.002261,0.003697,1.000000,-0.002200,0.005426,0.003699,0.008867,-0.006414,-0.003629,-0.007000,-0.000000,-0.019800,0.004601,0.004200,0.002400,0.005401,-0.002200,1.000000,0.015200,-0.006201,-0.006200,-0.001800,-0.014600,0.002976,-0.020825,0.019371,0.003484,0.009042,-0.014055,-0.006287,0.005426,0.015200,1.000000,0.001713,-0.005059,-0.002988,-0.002974,0.001109,0.014908,0.001087,0.015121,-0.005045,-0.012807,0.015281,0.003699,-0.006201,0.001713,1.000000,-0.013425,0.010449,-0.027907,0.006740,0.018938,0.003125,-0.014191,-0.016297,0.001264,-0.007819,0.008867,-0.006200,-0.005059,-0.013425,1.000000,-0.006369,-0.008735,-0.005987,-0.004187,-0.009184,-0.007246,-0.000822,0.024231,0.002047,-0.006414,-0.001800,-0.002988,0.010449,-0.006369,1.000000,-0.008014,0.004027,0.001028,-0.003167,0.006707,0.001554,-0.000540,0.007697,-0.003629,-0.014600,-0.002974,-0.027907,-0.008735,-0.008014,1.000000,
1.000000,0.008540,-0.008346,0.002934,0.011542,-0.012267,-0.006351,0.015698,-0.003395,0.007730,-0.005071,-0.011411,0.002793,-0.024834,-0.000351,0.008540,1.000000,-0.026071,0.006267,0.015260,-0.001734,0.000750,0.014705,0.003796,-0.001729,0.000271,-0.005392,-0.000792,-0.002770,-0.010451,-0.008346,-0.026071,1.000000,-0.007966,0.001456,-0.003164,0.012527,0.003439,0.009310,-0.013580,0.008430,-0.000330,0.020902,0.003820,0.001830,0.002934,0.006267,-0.007966,1.000000,-0.006228,0.001169,0.001824,0.012647,0.013500,-0.019234,0.000766,0.003891,-0.013301,-0.011121,-0.011673,0.011542,0.015260,0.001456,-0.006228,1.000000,0.004572,-0.001979,0.007241,-0.009915,0.008170,-0.001430,-0.009120,-0.014290,0.002272,0.000536,-0.012267,-0.001734,-0.003164,0.001169,0.004572,1.000000,-0.006177,0.001046,-0.007304,0.011167,-0.022834,-0.003710,-0.015301,0.002081,-0.019674,-0.006351,0.000750,0.012527,0.001824,-0.001979,-0.006177,1.000000,0.002366,-0.002473,-0.006575,0.016226,0.001132,0.009475,-0.013062,0.006254,0.015698,0.014705,0.003439,0.012647,0.007241,0.001046,0.002366,1.000000,0.004658,-0.004151,0.011850,-0.019336,0.012747,-0.005119,-0.024098,-0.003395,0.003796,0.009310,0.013500,-0.009915,-0.007304,-0.002473,0.004658,1.000000,-0.001296,-0.001696,0.002119,-0.004295,0.013153,-0.017181,0.007730,-0.001729,-0.013580,-0.019234,0.008170,0.011167,-0.006575,-0.004151,-0.001296,1.000000,-0.005236,0.002698,0.009496,-0.003514,0.006324,-0.005071,0.000271,0.008430,0.000766,-0.001430,-0.022834,0.016226,0.011850,-0.001696,-0.005236,1.000000,0.014699,0.011496,-0.007114,0.007124,-0.011411,-0.005392,-0.000330,0.003891,-0.009120,-0.003710,0.001132,-0.019336,0.002119,0.002698,0.014699,1.000000,0.010488,-0.007635,-0.011195,0.002793,-0.000792,0.020902,-0.013301,-0.014290,-0.015301,0.009475,0.012747,-0.004295,0.009496,0.011496,0.010488,1.000000,-0.003748,0.004576,-0.024834,-0.002770,0.003820,-0.011121,0.002272,0.002081,-0.013062,-0.005119,0.013153,-0.003514,-0.007114,-0.007635,-0.003748,1.000000,0.002985,-0.000351,-0.010451,0.001830,-0.011673,0.000536,-0.019674,0.006254,-0.024098,-0.017181,0.006324,0.007124,-0.011195,0.004576,0.002985,1.000000,
1.000000,-0.003880,-0.008131,0.015445,-0.004759,0.004596,0.008887,0.007185,0.003102,-0.001369,0.006139,-0.001611,-0.002055,-0.000556,-0.009409,-0.010174,-0.003880,1.000000,0.003315,0.018029,-0.004104,-0.004803,0.003456,-0.015811,0.017267,-0.004380,0.011560,0.001393,0.009364,-0.005571,0.007594,0.008018,-0.008131,0.003315,1.000000,-0.012554,0.010832,-0.019006,-0.001108,0.001984,0.003909,0.012634,0.005734,-0.001212,0.005941,0.000647,0.009391,-0.006972,0.015445,0.018029,-0.012554,1.000000,0.002058,-0.016399,0.006969,0.001006,0.029565,0.003189,-0.001978,-0.002996,-0.003780,0.002384,0.014003,0.004790,-0.004759,-0.004104,0.010832,0.002058,1.000000,0.003595,0.000712,-0.013022,-0.007069,0.001640,-0.015683,0.004986,0.004128,0.014859,-0.006412,-0.013967,0.004596,-0.004803,-0.019006,-0.016399,0.003595,1.000000,-0.010997,-0.005001,-0.003196,0.009201,0.004798,0.020600,-0.001802,0.006402,-0.012000,-0.012399,0.008887,0.003456,-0.001108,0.006969,0.000712,-0.010997,1.000000,0.006811,-0.019073,-0.004622,0.001844,-0.001992,-0.012762,-0.005431,0.001806,-0.012219,0.007185,-0.015811,0.001984,0.001006,-0.013022,-0.005001,0.006811,1.000000,-0.003787,-0.016196,0.003792,-0.010801,-0.003607,-0.009394,-0.007801,0.002203,0.003102,0.017267,0.003909,0.029565,-0.007069,-0.003196,-0.019073,-0.003787,1.000000,-0.006826,-0.007949,-0.003391,-0.005354,0.012764,0.016008,-0.006022,-0.001369,-0.004380,0.012634,0.003189,0.001640,0.009201,-0.004622,-0.016196,-0.006826,1.000000,-0.010385,0.017403,0.004214,0.008789,-0.010398,0.000393,0.006139,0.011560,0.005734,-0.001978,-0.015683,0.004798,0.001844,0.003792,-0.007949,-0.010385,1.000000,-0.005806,0.004572,-0.005178,0.002796,-0.004387,-0.001611,0.001393,-0.001212,-0.002996,0.004986,0.020600,-0.001992,-0.010801,-0.003391,0.017403,-0.005806,1.000000,-0.016005,-0.007796,0.001399,0.005802,-0.002055,0.009364,0.005941,-0.003780,0.004128,-0.001802,-0.012762,-0.003607,-0.005354,0.004214,0.004572,-0.016005,1.000000,0.003820,-0.001804,0.009412,-0.000556,-0.005571,0.000647,0.002384,0.014859,0.006402,-0.005431,-0.009394,0.012764,0.008789,-0.005178,-0.007796,0.003820,1.000000,0.006403,0.029591,-0.009409,0.007594,0.009391,0.014003,-0.006412,-0.012000,0.001806,-0.007801,0.016008,-0.010398,0.002796,0.001399,-0.001804,0.006403,1.000000,0.016802,-0.010174,0.008018,-0.006972,0.004790,-0.013967,-0.012399,-0.012219,0.002203,-0.006022,0.000393,-0.004387,0.005802,0.009412,0.029591,0.016802,1.000000,
1.000000,0.017548,-0.009960,-0.004184,0.008844,0.010611,-0.006490,-0.008592,0.006776,0.004163,-0.007397,0.012597,0.004584,-0.004970,0.007047,0.002819,-0.003423,0.017548,1.000000,-0.017941,-0.010178,-0.018338,-0.009785,0.017872,-0.002588,-0.002835,-0.003455,0.004205,0.000995,0.006577,-0.024557,0.005069,0.009229,0.000167,-0.009960,-0.017941,1.000000,0.014583,0.002351,0.006988,-0.003900,0.013791,0.002827,-0.009758,0.014196,0.005804,-0.004982,-0.006634,0.016948,-0.002022,0.005026,-0.004184,-0.010178,0.014583,1.000000,-0.007819,0.011595,0.014640,-0.003204,0.001810,-0.003984,-0.001602,-0.002798,-0.014793,0.000787,-0.009621,-0.007808,0.010810,0.008844,-0.018338,0.002351,-0.007819,1.000000,-0.013413,0.010108,-0.008210,-0.007571,0.006245,-0.004204,0.018605,-0.000581,-0.005036,-0.016657,-0.024024,-0.010973,0.010611,-0.009785,0.006988,0.011595,-0.013413,1.000000,-0.001774,-0.001603,-0.005393,-0.002789,0.017599,0.002401,-0.002795,-0.020409,-0.020015,0.014194,-0.021193,-0.006490,0.017872,-0.003900,0.014640,0.010108,-0.001774,1.000000,0.001421,0.010742,-0.004292,-0.014193,0.012192,-0.013840,0.004675,0.010317,0.001248,-0.008657,-0.008592,-0.002588,0.013791,-0.003204,-0.008210,-0.001603,0.001421,1.000000,-0.011395,-0.023592,0.000399,0.004401,0.016004,-0.001207,-0.001611,-0.000604,0.002405,0.006776,-0.002835,0.002827,0.001810,-0.007571,-0.005393,0.010742,-0.011395,1.000000,-0.007025,0.000202,-0.017803,-0.003410,0.006220,-0.001769,-0.005987,0.010585,0.004163,-0.003455,-0.009758,-0.003984,0.006245,-0.002789,-0.004292,-0.023592,-0.007025,1.000000,0.012804,-0.005604,-0.003616,0.008831,-0.004752,-0.002580,0.023577,-0.007397,0.004205,0.014196,-0.001602,-0.004204,0.017599,-0.014193,0.000399,0.000202,0.012804,1.000000,-0.001200,0.000002,-0.003203,-0.002405,0.007798,0.000402,0.012597,0.000995,0.005804,-0.002798,0.018605,0.002401,0.012192,0.004401,-0.017803,-0.005604,-0.001200,1.000000,0.006798,-0.000797,-0.022396,0.002602,-0.014402,0.004584,0.006577,-0.004982,-0.014793,-0.000581,-0.002795,-0.013840,0.016004,-0.003410,-0.003616,0.000002,0.006798,1.000000,0.016413,-0.014780,0.017408,0.003990,-0.004970,-0.024557,-0.006634,0.000787,-0.005036,-0.020409,0.004675,-0.001207,0.006220,0.008831,-0.003203,-0.000797,0.016413,1.000000,-0.000039,-0.005016,0.016819,0.007047,0.005069,0.016948,-0.009621,-0.016657,-0.020015,0.010317,-0.001611,-0.001769,-0.004752,-0.002405,-0.022396,-0.014780,-0.000039,1.000000,0.011375,0.004430,0.002819,0.009229,-0.002022,-0.007808,-0.024024,0.014194,0.001248,-0.000604,-0.005987,-0.002580,0.007798,0.002602,0.017408,-0.005016,0.011375,1.000000,0.009012,-0.003423,0.000167,0.005026,0.010810,-0.010973,-0.021193,-0.008657,0.002405,0.010585,0.023577,0.000402,-0.014402,0.003990,0.016819,0.004430,0.009012,1.000000,
1.000000,0.009479,-0.002222,-0.005712,-0.006367,0.003520,-0.004821,-0.016772,0.002509,0.009290,-0.013155,0.003458,-0.013273,-0.005045,0.004775,-0.002295,0.018340,-0.005855,0.009479,1.000000,-0.016268,-0.004336,-0.000700,-0.002644,-0.011264,0.009686,-0.003274,-0.001735,0.010140,-0.008029,-0.013818,0.000066,-0.000477,0.005517,0.017020,-0.013568,-0.002222,-0.016268,1.000000,-0.007554,0.016618,0.010465,-0.003411,0.000215,-0.008849,0.000341,-0.002576,0.000831,0.015363,0.002376,-0.005414,0.003456,-0.008633,-0.000029,-0.005712,-0.004336,-0.007554,1.000000,0.032132,-0.000657,-0.015757,-0.008662,-0.012206,0.001841,0.009702,0.009477,-0.010447,-0.003104,-0.009346,0.003575,-0.003268,-0.003482,-0.006367,-0.000700,0.016618,0.032132,1.000000,0.001304,-0.000783,-0.001223,0.015076,-0.002510,0.009563,-0.010647,-0.000342,-0.002164,-0.005179,0.003115,0.012051,0.015045,0.003520,-0.002644,0.010465,-0.000657,0.001304,1.000000,0.005460,0.004919,-0.009338,0.015129,0.007268,0.012635,0.000408,-0.015073,-0.014528,0.012699,0.002379,-0.002241,-0.004821,-0.011264,-0.003411,-0.015757,-0.000783,0.005460,1.000000,-0.001186,-0.003046,0.001345,0.002423,0.013429,-0.000436,0.003378,0.000387,0.016055,-0.002031,0.005773,-0.016772,0.009686,0.000215,-0.008662,-0.001223,0.004919,-0.001186,1.000000,0.009864,0.006278,-0.002432,0.028162,0.010850,-0.008970,0.009618,-0.013274,0.014443,-0.014963,0.002509,-0.003274,-0.008849,-0.012206,0.015076,-0.009338,-0.003046,0.009864,1.000000,0.013756,-0.010099,-0.001472,-0.009161,-0.019302,-0.014658,0.000433,-0.001937,0.005479,0.009290,-0.001735,0.000341,0.001841,-0.002510,0.015129,0.001345,0.006278,0.013756,1.000000,0.001125,0.002957,-0.001595,-0.000922,-0.010271,-0.002715,-0.002768,0.009452,-0.013155,0.010140,-0.002576,0.009702,0.009563,0.007268,0.002423,-0.002432,-0.010099,0.001125,1.000000,-0.002265,0.006081,0.011851,-0.003171,-0.006519,-0.022332,0.009863,0.003458,-0.008029,0.000831,0.009477,-0.010647,0.012635,0.013429,0.028162,-0.001472,0.002957,-0.002265,1.000000,-0.008100,0.001263,0.014637,-0.019151,0.000286,-0.001523,-0.013273,-0.013818,0.015363,-0.010447,-0.000342,0.000408,-0.000436,0.010850,-0.009161,-0.001595,0.006081,-0.008100,1.000000,-0.010279,-0.004445,-0.002217,-0.010109,-0.003497,-0.005045,0.000066,0.002376,-0.003104,-0.002164,-0.015073,0.003378,-0.008970,-0.019302,-0.000922,0.011851,0.001263,-0.010279,1.000000,0.017373,-0.016488,-0.000267,0.001140,0.004775,-0.000477,-0.005414,-0.009346,-0.005179,-0.014528,0.000387,0.009618,-0.014658,-0.010271,-0.003171,0.014637,-0.004445,0.017373,1.000000,-0.014736,0.007162,-0.016635,-0.002295,0.005517,0.003456,0.003575,0.003115,0.012699,0.016055,-0.013274,0.000433,-0.002715,-0.006519,-0.019151,-0.002217,-0.016488,-0.014736,1.000000,-0.001443,-0.005660,0.018340,0.017020,-0.008633,-0.003268,0.012051,0.002379,-0.002031,0.014443,-0.001937,-0.002768,-0.022332,0.000286,-0.010109,-0.000267,0.007162,-0.001443,1.000000,0.006518,-0.005855,-0.013568,-0.000029,-0.003482,0.015045,-0.002241,0.005773,-0.014963,0.005479,0.009452,0.009863,-0.001523,-0.003497,0.001140,-0.016635,-0.005660,0.006518,1.000000,
1.000000,0.012198,-0.004221,-0.011131,0.005578,-0.003996,0.002810,-0.008003,-0.002422,0.005446,0.018815,0.004789,0.017381,-0.005580,-0.002600,0.007188,0.000799,-0.003240,0.019196,0.012198,1.000000,-0.004407,-0.012182,-0.002207,0.021401,-0.017797,0.015399,-0.012607,0.019217,-0.000995,0.000197,0.009594,0.012207,-0.004400,-0.012204,0.005400,-0.014614,0.003799,-0.004221,-0.004407,1.000000,0.018033,0.002931,0.004611,-0.007370,-0.005808,0.008932,-0.013865,0.010247,-0.013834,-0.010861,-0.005738,-0.005200,-0.004637,0.004199,0.004878,0.000989,-0.011131,-0.012182,0.018033,1.000000,-0.005360,-0.019647,-0.006510,0.008432,-0.000958,0.002516,-0.007367,-0.015888,0.002015,0.020989,-0.006603,0.001730,0.004808,0.003236,0.003241,0.005578,-0.002207,0.002931,-0.005360,1.000000,0.008012,-0.003967,-0.003609,0.010327,-0.000452,-0.011551,0.005564,-0.010266,-0.004333,0.007400,-0.002840,0.001198,-0.008934,-0.003212,-0.003996,0.021401,0.004611,-0.019647,0.008012,1.000000,-0.032006,0.010001,0.019613,-0.004625,0.002792,-0.000794,-0.008190,0.003989,-0.011000,0.007207,0.007200,0.015623,-0.000798,0.002810,-0.017797,-0.007370,-0.006510,-0.003967,-0.032006,1.000000,-0.002796,-0.013568,0.012137,0.003578,0.006016,0.001829,-0.004030,0.002200,0.016018,-0.023999,0.014860,-0.005195,-0.008003,0.015399,-0.005808,0.008432,-0.003609,0.010001,-0.002796,1.000000,0.003592,0.009419,0.004806,0.002396,0.010993,0.021608,-0.003800,0.014796,0.000400,-0.016017,-0.014001,-0.002422,-0.012607,0.008932,-0.000958,0.010327,0.019613,-0.013568,0.003592,1.000000,-0.012054,0.010050,-0.006036,-0.007066,0.006468,0.015801,-0.010440,0.009199,0.009869,0.025989,0.005446,0.019217,-0.013865,0.002516,-0.000452,-0.004625,0.012137,0.009419,-0.012054,1.000000,0.008502,0.005073,0.003331,-0.001534,-0.002800,-0.010523,0.015006,0.005266,0.029829,0.018815,-0.000995,0.010247,-0.007367,-0.011551,0.002792,0.003578,0.004806,0.010050,0.008502,1.000000,0.014025,-0.006556,-0.001245,0.000200,0.002027,0.006801,0.017292,0.002408,0.004789,0.000197,-0.013834,-0.015888,0.005564,-0.000794,0.006016,0.002396,-0.006036,0.005073,0.014025,1.000000,0.006168,-0.002367,0.009400,-0.007619,-0.007201,-0.016867,-0.002006,0.017381,0.009594,-0.010861,0.002015,-0.010266,-0.008190,0.001829,0.010993,-0.007066,0.003331,-0.006556,0.006168,1.000000,0.011060,-0.009600,-0.001835,-0.021402,0.000483,-0.006211,-0.005580,0.012207,-0.005738,0.020989,-0.004333,0.003989,-0.004030,0.021608,0.006468,-0.001534,-0.001245,-0.002367,0.011060,1.000000,-0.009000,-0.009965,0.004802,-0.009481,0.007611,-0.002600,-0.004400,-0.005200,-0.006603,0.007400,-0.011000,0.002200,-0.003800,0.015801,-0.002800,0.000200,0.009400,-0.009600,-0.009000,1.000000,-0.002200,0.000600,-0.001400,0.007400,0.007188,-0.012204,-0.004637,0.001730,-0.002840,0.007207,0.016018,0.014796,-0.010440,-0.010523,0.002027,-0.007619,-0.001835,-0.009965,-0.002200,1.000000,-0.004001,-0.014073,-0.000406,0.000799,0.005400,0.004199,0.004808,0.001198,0.007200,-0.023999,0.000400,0.009199,0.015006,0.006801,-0.007201,-0.021402,0.004802,0.000600,-0.004001,1.000000,0.013599,-0.009600,-0.003240,-0.014614,0.004878,0.003236,-0.008934,0.015623,0.014860,-0.016017,0.009869,0.005266,0.017292,-0.016867,0.000483,-0.009481,-0.001400,-0.014073,0.013599,1.000000,0.010780,0.019196,0.003799,0.000989,0.003241,-0.003212,-0.000798,-0.005195,-0.014001,0.025989,0.029829,0.002408,-0.002006,-0.006211,0.007611,0.007400,-0.000406,-0.009600,0.010780,1.000000,
1.000000,-0.008814,0.009842,0.003562,-0.007194,0.007268,-0.007250,-0.005457,-0.004584,0.003055,0.013813,-0.019286,-0.000400,-0.006555,-0.007945,0.005746,-0.000727,-0.014590,-0.009616,0.000572,-0.008814,1.000000,0.003824,-0.012023,0.005603,-0.002361,-0.012030,-0.005033,0.000610,-0.022570,0.005007,0.003152,-0.014000,-0.006974,-0.003568,0.009769,0.019245,-0.024594,-0.001609,-0.001016,0.009842,0.003824,1.000000,-0.001731,0.002590,-0.003121,0.007490,0.013703,0.013171,0.023904,-0.009223,0.003549,-0.014201,-0.017682,0.012102,0.005699,-0.003531,0.003981,0.007028,-0.025151,0.003562,-0.012023,-0.001731,1.000000,0.018810,0.003312,0.013518,0.000906,0.011828,0.005092,-0.016580,-0.000538,-0.013600,-0.001725,-0.011508,-0.003091,0.007723,0.012218,-0.000426,-0.006647,-0.007194,0.005603,0.002590,0.018810,1.000000,-0.020019,0.025614,0.013015,-0.005804,-0.007814,0.003397,0.020824,-0.001600,0.005389,-0.004414,-0.007387,0.001182,0.003397,0.006004,0.013807,0.007268,-0.002361,-0.003121,0.003312,-0.020019,1.000000,-0.008656,0.002366,-0.005048,-0.011962,0.004564,-0.006161,-0.002400,-0.002732,0.007039,0.001560,0.005788,0.004570,0.004845,-0.015321,-0.007250,-0.012030,0.007490,0.013518,0.025614,-0.008656,1.000000,0.019280,0.001435,-0.005682,-0.011374,0.003822,-0.002000,0.006298,0.000921,0.001282,-0.011444,0.013024,-0.007234,0.002940,-0.005457,-0.005033,0.013703,0.000906,0.013015,0.002366,0.019280,1.000000,-0.010761,0.004935,-0.001969,0.017201,0.006600,-0.000289,-0.000863,-0.008136,0.006781,0.003626,-0.003838,-0.005669,-0.004584,0.000610,0.013171,0.011828,-0.005804,-0.005048,0.001435,-0.010761,1.000000,0.008762,-0.000009,0.002259,-0.005800,-0.011233,-0.018641,0.022840,0.014150,-0.013208,0.001811,0.000820,0.003055,-0.022570,0.023904,0.005092,-0.007814,-0.011962,-0.005682,0.004935,0.008762,1.000000,0.003571,0.005597,-0.012201,-0.004508,-0.027136,0.000930,-0.002374,0.002775,-0.004564,-0.001134,0.013813,0.005007,-0.009223,-0.016580,0.003397,0.004564,-0.011374,-0.001969,-0.000009,0.003571,1.000000,0.001445,0.005800,-0.010025,0.000170,0.014431,-0.013041,-0.019206,-0.014192,-0.008385,-0.019286,0.003152,0.003549,-0.000538,0.020824,-0.006161,0.003822,0.017201,0.002259,0.005597,0.001445,1.000000,-0.008801,0.002362,-0.020205,0.000004,-0.006540,-0.000162,-0.016858,-0.005101,-0.000400,-0.014000,-0.014201,-0.013600,-0.001600,-0.002400,-0.002000,0.006600,-0.005800,-0.012201,0.005800,-0.008801,1.000000,-0.005400,-0.011601,-0.011401,0.013602,0.023400,-0.002400,-0.019800,-0.006555,-0.006974,-0.017682,-0.001725,0.005389,-0.002732,0.006298,-0.000289,-0.011233,-0.004508,-0.010025,0.002362,-0.005400,1.000000,0.000491,0.007308,0.017260,0.007580,0.009031,0.016055,-0.007945,-0.003568,0.012102,-0.011508,-0.004414,0.007039,0.000921,-0.000863,-0.018641,-0.027136,0.000170,-0.020205,-0.011601,0.000491,1.000000,-0.010069,-0.005777,-0.009826,-0.012764,0.012668,0.005746,0.009769,0.005699,-0.003091,-0.007387,0.001560,0.001282,-0.008136,0.022840,0.000930,0.014431,0.000004,-0.011401,0.007308,-0.010069,1.000000,0.008775,-0.027577,0.010964,-0.017268,-0.000727,0.019245,-0.003531,0.007723,0.001182,0.005788,-0.011444,0.006781,0.014150,-0.002374,-0.013041,-0.006540,0.013602,0.017260,-0.005777,0.008775,1.000000,-0.014635,-0.010753,0.001488,-0.014590,-0.024594,0.003981,0.012218,0.003397,0.004570,0.013024,0.003626,-0.013208,0.002775,-0.019206,-0.000162,0.023400,0.007580,-0.009826,-0.027577,-0.014635,1.000000,0.007807,-0.015188,-0.009616,-0.001609,0.007028,-0.000426,0.006004,0.004845,-0.007234,-0.003838,0.001811,-0.004564,-0.014192,-0.016858,-0.002400,0.009031,-0.012764,0.010964,-0.010753,0.007807,1.000000,-0.008219,0.000572,-0.001016,-0.025151,-0.006647,0.013807,-0.015321,0.002940,-0.005669,0.000820,-0.001134,-0.008385,-0.005101,-0.019800,0.016055,0.012668,-0.017268,0.001488,-0.015188,-0.008219,1.000000,
1.000000,0.002719,-0.003972,-0.003493,-0.000684,-0.014003,0.011650,-0.021733,-0.003136,-0.017139,0.001664,0.017533,-0.003730,0.002433,0.001624,-0.012434,-0.001703,0.006139,-0.004684,0.012307,0.005545,0.002719,1.000000,0.002572,0.003691,-0.003518,-0.012199,0.008561,-0.014474,0.018539,0.004535,0.002538,-0.001733,0.000731,-0.002633,-0.001027,-0.000568,0.000305,0.005661,0.001282,0.003097,-0.013747,-0.003972,0.002572,1.000000,-0.004578,-0.003380,-0.010000,-0.006660,-0.003170,-0.008015,0.002632,0.005985,0.000816,0.002183,0.007992,0.001842,-0.003592,0.018178,-0.002985,0.002620,-0.005425,-0.000387,-0.003493,0.003691,-0.004578,1.000000,-0.005264,-0.014602,0.011391,-0.007100,-0.001751,0.015098,-0.011752,0.006548,0.019655,0.018626,0.009467,0.006575,0.002474,0.005953,-0.004464,-0.003920,0.004958,-0.000684,-0.003518,-0.003380,-0.005264,1.000000,-0.000602,0.010173,-0.009091,-0.006156,0.003906,-0.013757,-0.007447,-0.004752,0.007423,-0.013724,0.005377,0.011668,-0.003243,-0.007658,-0.022329,0.005762,-0.014003,-0.012199,-0.010000,-0.014602,-0.000602,1.000000,0.002605,0.008798,0.006401,0.000998,-0.007599,-0.009201,-0.005799,-0.023200,0.016999,-0.008001,0.017002,0.007399,0.021399,0.007802,0.010399,0.011650,0.008561,-0.006660,0.011391,0.010173,0.002605,1.000000,-0.005938,0.002871,0.002279,-0.015934,0.004740,-0.003744,-0.002668,0.014764,-0.015337,-0.007399,0.004927,0.007772,0.005787,-0.009290,-0.021733,-0.014474,-0.003170,-0.007100,-0.009091,0.008798,-0.005938,1.000000,-0.013533,0.007655,0.007669,0.007928,-0.006925,-0.004365,-0.020793,0.014366,0.003504,-0.033869,-0.006690,-0.008488,-0.001659,-0.003136,0.018539,-0.008015,-0.001751,-0.006156,0.006401,0.002871,-0.013533,1.000000,-0.012129,-0.007634,0.015237,-0.001437,0.004783,-0.000507,0.016418,0.002949,-0.008968,-0.003356,-0.014257,-0.011571,-0.017139,0.004535,0.002632,0.015098,0.003906,0.000998,0.002279,0.007655,-0.012129,1.000000,-0.000928,0.010924,0.000079,-0.003763,0.006603,0.004163,0.020111,0.003931,0.013907,-0.006682,-0.002262,0.001664,0.002538,0.005985,-0.011752,-0.013757,-0.007599,-0.015934,0.007669,-0.007634,-0.000928,1.000000,-0.004764,-0.001837,-0.012418,-0.004108,-0.027183,-0.005051,0.005433,-0.001356,-0.009856,0.024830,0.017533,-0.001733,0.000816,0.006548,-0.007447,-0.009201,0.004740,0.007928,0.015237,0.010924,-0.004764,1.000000,-0.007361,0.009219,-0.002300,-0.010819,0.011455,0.001365,0.010553,0.006260,-0.004431,-0.003730,0.000731,0.002183,0.019655,-0.004752,-0.005799,-0.003744,-0.006925,-0.001437,0.000079,-0.001837,-0.007361,1.000000,-0.004219,-0.010699,-0.016581,0.019145,-0.011965,-0.004752,0.011539,-0.006968,0.002433,-0.002633,0.007992,0.018626,0.007423,-0.023200,-0.002668,-0.004365,0.004783,-0.003763,-0.012418,0.009219,-0.004219,1.000000,0.012250,-0.001591,0.001374,-0.006583,-0.004177,-0.000229,-0.003185,0.001624,-0.001027,0.001842,0.009467,-0.013724,0.016999,0.014764,-0.020793,-0.000507,0.006603,-0.004108,-0.002300,-0.010699,0.012250,1.000000,0.014154,0.024545,-0.011291,0.001479,0.009355,-0.009881,-0.012434,-0.000568,-0.003592,0.006575,0.005377,-0.008001,-0.015337,0.014366,0.016418,0.004163,-0.027183,-0.010819,-0.016581,-0.001591,0.014154,1.000000,-0.006574,-0.003417,0.006977,-0.000971,0.005985,-0.001703,0.000305,0.018178,0.002474,0.011668,0.017002,-0.007399,0.003504,0.002949,0.020111,-0.005051,0.011455,0.019145,0.001374,0.024545,-0.006574,1.000000,0.004050,0.032069,-0.007285,0.008244,0.006139,0.005661,-0.002985,0.005953,-0.003243,0.007399,0.004927,-0.033869,-0.008968,0.003931,0.005433,0.001365,-0.011965,-0.006583,-0.011291,-0.003417,0.004050,1.000000,-0.011643,0.009654,0.004572,-0.004684,0.001282,0.002620,-0.004464,-0.007658,0.021399,0.007772,-0.006690,-0.003356,0.013907,-0.001356,0.010553,-0.004752,-0.004177,0.001479,0.006977,0.032069,-0.011643,1.000000,-0.014728,0.004562,0.012307,0.003097,-0.005425,-0.003920,-0.022329,0.007802,0.005787,-0.008488,-0.014257,-0.006682,-0.009856,0.006260,0.011539,-0.000229,0.009355,-0.000971,-0.007285,0.009654,-0.014728,1.000000,0.007048,0.005545,-0.013747,-0.000387,0.004958,0.005762,0.010399,-0.009290,-0.001659,-0.011571,-0.002262,0.024830,-0.004431,-0.006968,-0.003185,-0.009881,0.005985,0.008244,0.004572,0.004562,0.007048,1.000000,
1.000000,0.002855,-0.005186,-0.004185,0.001970,-0.005314,-0.000822,0.014512,0.005012,0.001658,-0.001404,-0.005227,0.006803,0.015009,-0.000710,0.003598,0.006142,0.011286,-0.007979,-0.017820,0.017991,0.012436,0.002855,1.000000,0.006752,-0.003852,0.001704,-0.000019,-0.019126,0.000513,0.001359,0.006205,0.014215,0.001293,0.004790,-0.005030,-0.011433,-0.001595,0.000399,0.005319,-0.001271,0.001068,-0.013969,0.015882,-0.005186,0.006752,1.000000,0.008986,-0.008773,-0.000299,-0.011580,-0.012921,-0.004211,-0.002052,0.005804,0.000024,0.010397,0.016992,0.003100,-0.007199,-0.005748,0.022730,-0.005619,-0.013782,-0.017992,0.011169,-0.004185,-0.003852,0.008986,1.000000,0.004629,0.010711,0.016622,-0.011516,0.002389,-0.005055,-0.003996,0.004626,0.002197,0.000792,0.001705,-0.015799,0.015257,0.018125,0.005780,-0.001981,0.001409,-0.009834,0.001970,0.001704,-0.008773,0.004629,1.000000,-0.017020,-0.010843,-0.010378,0.005023,-0.017493,-0.001808,-0.001652,-0.009194,-0.006583,-0.007211,0.005597,-0.005512,0.002959,-0.000360,0.017763,-0.016419,-0.006734,-0.005314,-0.000019,-0.000299,0.010711,-0.017020,1.000000,-0.004959,0.010763,0.008687,-0.006800,0.007375,-0.021799,-0.001578,0.008265,0.012242,-0.010015,-0.003411,-0.006622,-0.001455,0.000460,-0.007670,0.003048,-0.000822,-0.019126,-0.011580,0.016622,-0.010843,-0.004959,1.000000,-0.013533,-0.001783,-0.006720,-0.008206,0.004362,0.003205,0.012213,-0.003955,-0.008402,-0.014284,0.005718,-0.009171,-0.003828,0.006787,0.006050,0.014512,0.000513,-0.012921,-0.011516,-0.010378,0.010763,-0.013533,1.000000,0.006871,0.008534,0.005979,-0.016761,-0.008984,-0.001950,-0.021044,-0.008211,0.015670,-0.008526,-0.005282,-0.007317,0.000945,0.007205,0.005012,0.001359,-0.004211,0.002389,0.005023,0.008687,-0.001783,0.006871,1.000000,-0.005844,-0.010797,-0.004180,0.005798,0.010393,-0.001518,0.012601,0.008845,-0.026268,0.006185,-0.013185,-0.002993,-0.009827,0.001658,0.006205,-0.002052,-0.005055,-0.017493,-0.006800,-0.006720,0.008534,-0.005844,1.000000,-0.004186,-0.001902,-0.005212,-0.007432,0.009799,-0.012796,-0.003991,0.002101,-0.002475,0.010673,0.014836,0.003474,-0.001404,0.014215,0.005804,-0.003996,-0.001808,0.007375,-0.008206,0.005979,-0.010797,-0.004186,1.000000,0.006993,-0.011799,0.014402,0.018380,-0.014200,-0.013616,0.014224,0.003405,-0.005605,-0.019002,-0.002191,-0.005227,0.001293,0.000024,0.004626,-0.001652,-0.021799,0.004362,-0.016761,-0.004180,-0.001902,0.006993,1.000000,-0.004395,-0.018186,0.000414,0.009598,0.013702,-0.009061,-0.019965,0.006166,-0.001616,-0.001140,0.006803,0.004790,0.010397,0.002197,-0.009194,-0.001578,0.003205,-0.008984,0.005798,-0.005212,-0.011799,-0.004395,1.000000,0.007798,0.002223,0.003600,0.002612,-0.012019,0.015196,-0.002196,0.000002,-0.001607,0.015009,-0.005030,0.016992,0.000792,-0.006583,0.008265,0.012213,-0.001950,0.010393,-0.007432,0.014402,-0.018186,0.007798,1.000000,0.016467,-0.020199,-0.014769,0.007356,-0.000211,-0.004789,-0.001795,0.007381,-0.000710,-0.011433,0.003100,0.001705,-0.007211,0.012242,-0.003955,-0.021044,-0.001518,0.009799,0.018380,0.000414,0.002223,0.016467,1.000000,-0.005013,-0.016408,0.003172,0.002343,0.013068,0.002935,0.001242,0.003598,-0.001595,-0.007199,-0.015799,0.005597,-0.010015,-0.008402,-0.008211,0.012601,-0.012796,-0.014200,0.009598,0.003600,-0.020199,-0.005013,1.000000,-0.008207,-0.008794,-0.000398,0.008198,0.000399,0.007604,0.006142,0.000399,-0.005748,0.015257,-0.005512,-0.003411,-0.014284,0.015670,0.008845,-0.003991,-0.013616,0.013702,0.002612,-0.014769,-0.016408,-0.008207,1.000000,-0.006698,-0.016526,-0.000073,-0.012636,0.009530,0.011286,0.005319,0.022730,0.018125,0.002959,-0.006622,0.005718,-0.008526,-0.026268,0.002101,0.014224,-0.009061,-0.012019,0.007356,0.003172,-0.008794,-0.006698,1.000000,0.009094,-0.005297,0.003251,-0.016587,-0.007979,-0.001271,-0.005619,0.005780,-0.000360,-0.001455,-0.009171,-0.005282,0.006185,-0.002475,0.003405,-0.019965,0.015196,-0.000211,0.002343,-0.000398,-0.016526,0.009094,1.000000,0.003026,-0.007188,-0.004446,-0.017820,0.001068,-0.013782,-0.001981,0.017763,0.000460,-0.003828,-0.007317,-0.013185,0.010673,-0.005605,0.006166,-0.002196,-0.004789,0.013068,0.008198,-0.000073,-0.005297,0.003026,1.000000,-0.010212,-0.002956,0.017991,-0.013969,-0.017992,0.001409,-0.016419,-0.007670,0.006787,0.000945,-0.002993,0.014836,-0.019002,-0.001616,0.000002,-0.001795,0.002935,0.000399,-0.012636,0.003251,-0.007188,-0.010212,1.000000,-0.010779,0.012436,0.015882,0.011169,-0.009834,-0.006734,0.003048,0.006050,0.007205,-0.009827,0.003474,-0.002191,-0.001140,-0.001607,0.007381,0.001242,0.007604,0.009530,-0.016587,-0.004446,-0.002956,-0.010779,1.000000,
